3758
2973
2945
2619
2560
2496
2450
2419
2290
2282
2253
2221
2184
2143
2041
2031
1988
1982
1978
1950
1937
1930
1845
1830
1830
1827
1807
1787
1760
1740
1731
1725
1719
1687
1685
1670
1663
1650
1623
1608
1605
1590
1577
1559
1546
1542
1528
1521
1517
1511
1495
1476
1470
1457
1456
1454
1422
1397
1395
1386
1361
1360
1359
1332
1329
1326
1325
1321
1314
1310
1305
1304
1300
1297
1287
1283
1275
1274
1263
1262
1256
1254
1253
1252
1250
1250
1248
1246
1245
1241
1238
1236
1228
1226
1224
1222
1221
1220
1216
1214
1214
1211
1186
1178
1172
1172
1171
1167
1163
1154
1153
1150
1150
1148
1146
1145
1141
1132
1130
1123
1111
1109
1104
1104
1094
1090
1086
1085
1081
1081
1080
1079
1075
1070
1070
1066
1059
1055
1049
1046
1045
1044
1042
1039
1039
1037
1035
1028
1026
1016
1012
1009
1006
1002
996
995
991
990
988
988
982
979
978
977
976
976
973
971
962
962
956
956
954
949
943
942
941
941
940
936
934
925
923
920
920
915
914
911
902
899
893
890
890
887
885
883
883
883
881
879
877
876
874
872
870
868
867
865
865
861
859
854
854
852
849
848
847
846
845
843
832
828
827
820
819
818
818
817
815
814
811
807
805
805
805
804
797
797
796
795
791
790
790
789
781
780
776
775
775
771