0.454
0.4409
0.4386
0.4374
0.4359
0.4336
0.4313
0.4312
0.4301
0.4287
0.4278
0.4255
0.4249
0.4207
0.4176
0.4166
0.4148
0.4145
0.4145
0.413
0.4117
0.411
0.4103
0.4098
0.4098
0.4078
0.4075
0.4073
0.4071
0.4067
0.4061
0.4056
0.4053
0.4043
0.4029
0.4029
0.4024
0.402
0.4019
0.4019
0.4017
0.4015
0.4009
0.4008
0.4007
0.4006
0.4002
0.4002
0.3999
0.3997
0.3994
0.399
0.3988
0.3983
0.3983
0.3976
0.397
0.3969
0.3967
0.3967
0.3964
0.3962
0.3958
0.3958
0.3953
0.3947
0.3945
0.3945
0.3944
0.3939
0.3937
0.3935
0.393
0.3929
0.3927
0.392
0.3919
0.3918
0.3915
0.3909
0.3908
0.3908
0.3907
0.3907
0.3902
0.3899
0.3898
0.3898
0.3895
0.3885
0.3883
0.3881
0.3881
0.3878
0.3877
0.3877
0.3876
0.3873
0.3873
0.387
0.3869
0.3867
0.3866
0.3865
0.3864
0.3864
0.386
0.3858
0.3857
0.3856
0.3853
0.385
0.3849
0.3847
0.3845
0.3845
0.3844
0.3844
0.3843
0.3843
0.3843
0.3843
0.3843
0.3842
0.3841
0.3841
0.3839
0.3839
0.3837
0.3837
0.3837
0.3836
0.3835
0.3834
0.3833
0.3832
0.3831
0.383
0.3829
0.3828
0.3824
0.3824
0.3822
0.3819
0.3819
0.3819
0.3811
0.3806
0.3806
0.3805
0.3804
0.3802
0.3799
0.3798
0.3797
0.3796
0.3795
0.3795
0.3794
0.3793
0.3791
0.379
0.3789
0.3789
0.3784
0.3784
0.3783
0.3783
0.3781
0.378
0.3778
0.3776
0.3771
0.3769
0.3769
0.3767
0.3765
0.3763
0.3759
0.3759
0.3758
0.3758
0.3755
0.3754
0.3754
0.3752
0.3751
0.375
0.3749
0.3749
0.3749
0.3748
0.3748
0.3747
0.3747
0.3746
0.3744
0.3743
0.3743
0.374
0.3735
0.3734
0.3734
0.3734
0.373
0.3729
0.3729
0.3729
0.3728
0.3728
0.3727
0.3726
0.3722
0.3721
0.3719
0.3718
0.3715
0.3715
0.3713
0.371
0.371
0.371
0.3709
0.3705
0.3704
0.3704
0.3703
0.3702
0.3701
0.3697
0.3697
0.3695
0.3695
0.3693
0.3691
0.3688
0.3688
0.3688
0.3688
0.3688
0.3687
0.3687
0.3687
0.3686
0.3685
0.3684
0.3684
0.3682
0.3682
0.3681